Samples	Grupo	P.axillaris II	P.axillaris I	P.inflata	P.secreta	N.sylvestris	S. habrochaites
1_Palti320_R	alt80	0.87	0.87	0.91	0.88	0.35	0.28
2_Palti321_R	alt80	0.86	0.86	0.90	0.86	0.36	0.28
3_Palti323_R	alt80	0.86	0.86	0.90	0.86	0.38	0.30
4_Palti325_R	alt80	0.87	0.87	0.91	0.87	0.34	0.27
5_Palti330_S	alt80	0.81	0.81	0.85	0.82	0.37	0.30
6_Palti332_S	alt80	0.85	0.85	0.89	0.85	0.36	0.29
7_Palti336_S	alt80	0.84	0.84	0.89	0.84	0.31	0.24
8_Palti337_S	alt80	0.86	0.86	0.90	0.86	0.41	0.33
9_Palti22_A	alt80	0.81	0.81	0.85	0.81	0.24	0.18
10_Palti23_A	alt80	0.83	0.83	0.86	0.83	0.34	0.26
11_Palti24_A	alt80	0.76	0.76	0.80	0.76	0.29	0.23
12_Palti25_A	alt80	0.86	0.86	0.89	0.86	0.38	0.30
13_Palti26_B	alt80	0.83	0.83	0.88	0.83	0.29	0.22
14_Palti27_B	alt80	0.85	0.85	0.89	0.85	0.32	0.26
15_Palti28_B	alt80	0.87	0.86	0.90	0.87	0.35	0.28
16_Palti53_B	alt80	0.86	0.86	0.90	0.86	0.37	0.29
17_Palti71_B	alt80	0.88	0.88	0.92	0.88	0.39	0.31
18_Palti88_C	alt80	0.86	0.85	0.89	0.86	0.35	0.28
19_Palti90_C	alt80	0.88	0.88	0.92	0.88	0.38	0.31
20_Palti94_C	alt80	0.88	0.88	0.92	0.89	0.38	0.30
21_Palti100_C	alt80	0.87	0.87	0.92	0.87	0.32	0.25
22_Palti102_C	alt80	0.88	0.88	0.92	0.89	0.40	0.32
23_Palti36_D	alt80	0.84	0.84	0.88	0.84	0.30	0.23
24_Palti132_D	alt80	0.85	0.85	0.89	0.85	0.34	0.26
25_Palti136_D	alt80	0.84	0.84	0.88	0.84	0.33	0.26
26_Palti139_D	alt80	0.81	0.81	0.85	0.81	0.33	0.26
27_Palti146_D	alt80	0.86	0.86	0.90	0.86	0.35	0.28
28_Palti277_E	alt80	0.79	0.79	0.83	0.79	0.30	0.23
29_Palti292_E	alt80	0.81	0.81	0.85	0.81	0.30	0.24
30_Palti293_E	alt80	0.75	0.75	0.78	0.75	0.28	0.22
31_Palti296_E	alt80	0.46	0.46	0.49	0.46	0.17	0.14
32_Palti148_F	alt80	0.86	0.86	0.89	0.86	0.42	0.34
33_Palti150_F	alt80	0.82	0.81	0.85	0.82	0.37	0.30
34_Palti154_F	alt80	0.78	0.78	0.81	0.78	0.31	0.25
35_Palti149_F	alt80	0.84	0.84	0.87	0.84	0.45	0.36
36_Palti238_G	alt80	0.85	0.85	0.89	0.85	0.34	0.27
37_Palti297_H	alt80	0.82	0.82	0.86	0.82	0.34	0.27
38_Palti305_H	alt80	0.85	0.85	0.89	0.85	0.32	0.26
39_Palti302_H	alt80	0.86	0.86	0.90	0.86	0.32	0.25
40_Palti306_H	alt80	0.88	0.88	0.92	0.88	0.37	0.29
41_Palti211_I	alt80	0.75	0.75	0.78	0.75	0.37	0.30
42_Palti214_I	alt80	0.84	0.84	0.87	0.84	0.38	0.30
43_Palti190_I	alt80	0.84	0.83	0.87	0.84	0.32	0.25
44_Palti193_I	alt80	0.68	0.68	0.71	0.68	0.28	0.23
45_Palti7_J	alt80	0.75	0.76	0.78	0.77	0.30	0.24
46_Palti8_J	alt80	0.82	0.81	0.85	0.82	0.30	0.23
47_Palti9_J	alt80	0.67	0.67	0.72	0.67	0.22	0.16
48_Palti13_J	alt80	0.86	0.85	0.89	0.85	0.33	0.26
49_Palti16_J	alt80	0.83	0.83	0.88	0.83	0.27	0.21
50_Palti18_J	alt80	0.83	0.83	0.88	0.83	0.29	0.22
51_Palti20_K	alt80	0.80	0.80	0.84	0.80	0.28	0.22
52_Palti21_K	alt80	0.82	0.82	0.86	0.83	0.36	0.29
53_Palti46_L	alt80	0.88	0.88	0.92	0.89	0.38	0.30
54_Palti49_L	alt80	0.69	0.69	0.73	0.70	0.23	0.18
55_Palti50_L	alt80	0.66	0.66	0.69	0.66	0.21	0.16
56_Palti51_L	alt80	0.86	0.86	0.90	0.86	0.29	0.23
57_Palti47_L	alt80	0.70	0.70	0.73	0.70	0.25	0.20
58_Palti232_M	alt80	0.75	0.75	0.79	0.75	0.31	0.24
59_Palti228_M	alt80	0.84	0.83	0.88	0.84	0.33	0.26
60_Palti164_M	alt80	0.84	0.84	0.88	0.84	0.36	0.28
61_Palti170_M	alt80	0.87	0.86	0.91	0.87	0.35	0.28
62_Palti173_M	alt80	0.87	0.87	0.91	0.87	0.39	0.31
63_Palti160_N	alt80	0.83	0.83	0.87	0.83	0.30	0.24
64_Palti161_N	alt80	0.85	0.85	0.90	0.85	0.27	0.20
65_Palti162_N	alt80	0.81	0.81	0.85	0.81	0.35	0.28
66_Palti253_O	alt80	0.87	0.87	0.91	0.87	0.33	0.25
67_Palti256_O	alt80	0.85	0.85	0.89	0.85	0.36	0.28
68_Palti257_O	alt80	0.83	0.83	0.87	0.83	0.40	0.31
69_Palti260_O	alt80	0.88	0.88	0.92	0.88	0.37	0.29
70_Palti261_P	alt80	0.86	0.86	0.90	0.86	0.37	0.29
71_Palti263_P	alt80	0.87	0.87	0.91	0.87	0.35	0.27
72_Palti265_P	alt80	0.87	0.86	0.91	0.87	0.32	0.25
73_Palti267_P	alt80	0.88	0.87	0.91	0.88	0.41	0.33
74_Palti272_P	alt80	0.84	0.84	0.88	0.84	0.32	0.25
75_Palti275_P	alt80	0.88	0.88	0.92	0.88	0.40	0.32
76_Palti309_Q	alt80	0.77	0.77	0.81	0.77	0.28	0.22
77_Palti313_Q	alt80	0.80	0.80	0.84	0.80	0.29	0.22
78_Palti314_Q	alt80	0.83	0.83	0.86	0.83	0.42	0.34
79_Palti324_R	alt80	0.89	0.89	0.93	0.90	0.43	0.34
80_Palti153_F	alt80	0.73	0.73	0.76	0.74	0.35	0.29
81_Psche8	grp41	0.81	0.81	0.86	0.81	0.29	0.22
82_Psche908	grp41	0.82	0.82	0.86	0.82	0.35	0.28
83_Psche916	grp41	0.86	0.86	0.89	0.86	0.35	0.28
84_Psaxi20	grp41	0.81	0.81	0.84	0.81	0.36	0.28
85_Preit17	grp41	0.83	0.83	0.86	0.83	0.33	0.26
86_Pteri195	grp41	0.87	0.87	0.90	0.87	0.45	0.37
87_Psche911	grp41	0.86	0.86	0.90	0.86	0.34	0.27
88_Preit21	grp41	0.84	0.84	0.87	0.85	0.37	0.30
89_Psaxi24	grp41	0.87	0.87	0.91	0.87	0.34	0.27
90_Pteri3	grp41	0.78	0.78	0.81	0.79	0.42	0.34
91_Pteri202	grp41	0.87	0.87	0.90	0.87	0.38	0.30
92_Psche12	grp41	0.90	0.90	0.93	0.90	0.33	0.26
93_Psaxi8	grp41	0.89	0.89	0.92	0.89	0.38	0.30
94_Pteri211	grp41	0.90	0.90	0.93	0.90	0.38	0.31
95_Psche15	grp41	0.88	0.88	0.92	0.88	0.29	0.22
96_Psche9	grp41	0.90	0.89	0.93	0.90	0.34	0.26
97_Psaxi2	grp41	0.86	0.86	0.89	0.86	0.37	0.30
98_Psche913	grp41	0.85	0.85	0.89	0.86	0.37	0.29
99_Psche905	grp41	0.87	0.87	0.90	0.87	0.36	0.29
100_Preit23	grp41	0.89	0.89	0.92	0.89	0.42	0.34
101_Psaxi10	grp41	0.90	0.90	0.93	0.90	0.37	0.29
102_Pteri151	grp41	0.85	0.85	0.88	0.86	0.48	0.39
103_Preit8	grp41	0.84	0.84	0.87	0.85	0.38	0.30
104_Preit2	grp41	0.83	0.83	0.86	0.83	0.37	0.30
105_Preit5	grp41	0.76	0.76	0.79	0.77	0.33	0.26
106_Psaxi14	grp41	0.87	0.87	0.91	0.88	0.37	0.29
107_Pteri171	grp41	0.90	0.90	0.93	0.90	0.46	0.37
108_Psaxi17	grp41	0.82	0.82	0.85	0.82	0.37	0.30
109_Preit6	grp41	0.89	0.89	0.92	0.89	0.37	0.30
110_Preit20	grp41	0.91	0.91	0.93	0.91	0.47	0.38
111_Pteri161	grp41	0.88	0.89	0.91	0.89	0.47	0.39
112_Preit18	grp41	0.91	0.91	0.94	0.91	0.47	0.39
113_Pteri181	grp41	0.85	0.85	0.88	0.85	0.38	0.30
114_Preit22	grp41	0.71	0.71	0.73	0.71	0.35	0.27
115_Pteri4	grp41	0.81	0.81	0.83	0.81	0.43	0.35
116_Pteri7	grp41	0.83	0.83	0.85	0.83	0.42	0.33
117_Psche2	grp41	0.91	0.91	0.95	0.91	0.35	0.27
118_Psche920	grp41	0.83	0.83	0.87	0.83	0.30	0.24
119_Preit9	grp41	0.88	0.88	0.91	0.89	0.41	0.33
120_Psche5	grp41	0.88	0.88	0.91	0.88	0.38	0.30
121_Preit19	grp41	0.66	0.66	0.68	0.66	0.34	0.28
122_caes1	phylo	0.54	0.54	0.55	0.54	0.30	0.25
123_caes12	phylo	0.77	0.77	0.78	0.77	0.47	0.39
124_caes3	phylo	0.64	0.64	0.65	0.64	0.33	0.27
125_caes7	phylo	0.73	0.73	0.74	0.73	0.40	0.33
126_caes8	phylo	0.73	0.73	0.74	0.74	0.43	0.35
127_caes9	phylo	0.69	0.69	0.69	0.69	0.40	0.33
128_duse11	phylo	0.70	0.70	0.71	0.70	0.43	0.35
129_duse12	phylo	0.70	0.70	0.71	0.70	0.43	0.36
130_duse2	phylo	0.60	0.60	0.61	0.60	0.36	0.30
131_duse23	phylo	0.64	0.64	0.65	0.64	0.37	0.31
132_duse31	phylo	0.62	0.62	0.63	0.62	0.38	0.32
133_duse7	phylo	0.58	0.58	0.58	0.58	0.37	0.31
134_miss10	phylo	0.60	0.60	0.60	0.60	0.37	0.32
135_miss36	phylo	0.73	0.73	0.73	0.73	0.40	0.32
136_miss38	phylo	0.77	0.77	0.78	0.78	0.56	0.50
137_miss39	phylo	0.72	0.72	0.73	0.72	0.51	0.45
138_miss40	phylo	0.73	0.74	0.75	0.74	0.43	0.36
139_miss58	phylo	0.60	0.60	0.61	0.60	0.34	0.29
140_para156	phylo	0.70	0.70	0.71	0.70	0.41	0.34
141_para16	phylo	0.73	0.73	0.73	0.73	0.42	0.35
142_para178	phylo	0.64	0.64	0.65	0.64	0.36	0.29
143_para227	phylo	0.62	0.62	0.63	0.62	0.36	0.31
144_para240	phylo	0.68	0.68	0.69	0.68	0.39	0.32
145_para80	phylo	0.68	0.68	0.69	0.68	0.37	0.31
146_send114	phylo	0.72	0.72	0.73	0.72	0.45	0.38
147_send117	phylo	0.62	0.63	0.63	0.63	0.38	0.31
148_send121	phylo	0.76	0.76	0.77	0.76	0.48	0.41
149_send54	phylo	0.74	0.74	0.75	0.74	0.45	0.38
150_send9	phylo	0.76	0.76	0.76	0.76	0.48	0.41
